23 0.075 0.06242222222222222 0.0169125 0.034644444444444436
23 0.09356875 0.09542222222222221 0.015075000000000003 0.033988888888888895
23 0.5637875 0.3882333333333334 0.015806249999999977 0.03398888888888892
23 0.58106875 0.42287777777777774 0.015074999999999932 0.03267777777777774
23 0.51966875 0.8892111111111111 0.014337500000000034 0.03464444444444451
23 0.20900625 0.6120888888888889 0.014337500000000034 0.03594444444444434
22 0.12775625 0.0973888888888889 0.015075000000000003 0.033988888888888895
22 0.62445 0.4222222222222222 0.016543750000000017 0.03137777777777779
2 0.141725 0.09902222222222223 0.008456249999999983 0.030722222222222227
2 0.08842499999999999 0.06402222222222222 0.006849999999999987 0.021755555555555552
2 0.40091875 0.8914888888888889 0.005999999999999943 0.02360000000000001
2 0.467325 0.5907111111111111 0.005993749999999949 0.02369999999999992
2 0.06540625 0.5898444444444445 0.006893750000000001 0.024155555555555566
2 0.22293749999999998 0.6141444444444445 0.005125000000000029 0.02529999999999998
2 0.5981875 0.42383333333333334 0.009175000000000039 0.024233333333333273
2 0.22798749999999998 0.9253444444444444 0.007037499999999994 0.02442222222222224
2 0.48473750000000004 0.8046888888888889 0.007037499999999994 0.023966666666666595
2 0.8369625 0.1887888888888889 0.00866250000000008 0.03361111111111111
4 0.1512875 0.0973888888888889 0.010662500000000002 0.024833333333333325
4 0.40955624999999996 0.8914888888888889 0.01004374999999996 0.02360000000000001
7 0.07367499999999999 0.5898444444444445 0.00873125 0.024155555555555566
7 0.07033125 0.2871111111111111 0.009243749999999995 0.024333333333333308
4 0.18021875 0.5499111111111111 0.011000000000000015 0.02442222222222224
4 0.7138500000000001 0.6744777777777777 0.01015625 0.024155555555555566
7 0.070025 0.7452222222222222 0.0092 0.02360000000000001
5 0.5323875 0.8897555555555555 0.008900000000000005 0.025
5 0.23644375 0.9253444444444444 0.009243749999999978 0.02442222222222224
7 0.613025 0.5650999999999999 0.009318750000000051 0.024066666666666632
4 0.53421875 0.3891111111111111 0.009406249999999972 0.022444444444444496
4 0.43323124999999996 0.5286444444444444 0.009762499999999931 0.028044444444444455
4 0.31213125 0.08062222222222222 0.009637499999999974 0.023699999999999992
4 0.46361874999999997 0.49348888888888887 0.009206250000000011 0.023333333333333334
1 0.47633125 0.5907111111111111 0.009306250000000063 0.02369999999999992
7 0.09688124999999999 0.06402222222222222 0.007581249999999997 0.021755555555555552
1 0.72304375 0.6744777777777777 0.009424999999999954 0.024155555555555566
1 0.6084812500000001 0.42383333333333334 0.009912499999999937 0.024233333333333273
1 0.54158125 0.8897555555555555 0.008900000000000005 0.025
48 0.5445125000000001 0.3891111111111111 0.010137500000000016 0.022444444444444496
9 0.40698124999999996 0.2121333333333333 0.009206250000000011 0.02279999999999998
1 0.23157499999999998 0.6141444444444445 0.00990000000000002 0.02529999999999998
5 0.10685 0.09797777777777779 0.008862500000000004 0.023866666666666654
2 0.8557875 0.8793444444444444 0.006687499999999886 0.01967777777777782
13 0.8634000000000001 0.8450555555555556 0.024518750000000013 0.019533333333333253
49 0.8535062499999999 0.19237777777777776 0.016012499999999933 0.03425555555555554
11 0.3046875 0.7083333333333334 0.008093750000000028 0.022533333333333305
43 0.39208750000000003 0.27105555555555555 0.012006250000000022 0.028722222222222246
35 0.47630625000000004 0.5275666666666666 0.05858750000000001 0.028477777777777772
8 0.3211375 0.08072222222222222 0.009193750000000023 0.024177777777777777
9 0.41654375 0.21176666666666666 0.010293750000000016 0.026144444444444477
10 0.0606625 0.28627777777777774 0.009556249999999995 0.02483333333333336
7 0.18970625 0.55 0.008087500000000034 0.02548888888888895
8 0.060112500000000006 0.7437888888888888 0.009193750000000006 0.026144444444444415
7 0.2461375 0.9251666666666667 0.008456249999999983 0.024177777777777767
7 0.4943 0.8055555555555556 0.009193750000000023 0.02679999999999988
7 0.621875 0.5647111111111112 0.009193750000000023 0.024833333333333294
43 0.61525625 0.9065333333333333 0.015806249999999977 0.03528888888888888
1 0.47279375 0.4924888888888889 0.009556249999999978 0.024177777777777767
7 0.64265 0.4245111111111111 0.008824999999999932 0.02548888888888895
7 0.58088125 0.3888888888888889 0.01176249999999996 0.026144444444444415
1 0.11599375 0.09934444444444444 0.009924999999999996 0.024833333333333325
45 0.12390000000000001 0.06372222222222222 0.03823750000000001 0.028100000000000007
38 0.30275625 0.07973333333333334 0.009193750000000023 0.02353333333333334
38 0.39797499999999997 0.21274444444444443 0.009193750000000023 0.024177777777777767
40 0.3943 0.3022888888888889 0.03271874999999994 0.022877777777777813
20 0.08125 0.5846444444444444 0.0066187499999999936 0.015033333333333303
40 0.6165437500000001 0.9395444444444445 0.034556249999999976 0.02548888888888895
38 0.47646875 0.8052333333333334 0.008824999999999932 0.023533333333333403
38 0.45496250000000005 0.4918333333333333 0.009193750000000023 0.02548888888888895
49 0.7797812500000001 0.11405555555555556 0.017649999999999864 0.0451
0 0.8220562499999999 0.18986666666666666 0.010293749999999874 0.030722222222222196
46 0.8 0.8127444444444445 0.0808812499999999 0.02548888888888895
34 0.80900625 0.8454222222222222 0.06286875000000008 0.022877777777777688
21 0.8148875 0.8803888888888889 0.052574999999999934 0.023533333333333403
33 0.87279375 0.8140555555555555 0.041175000000000066 0.022877777777777688
1 0.86341875 0.8794111111111111 0.0077187499999999435 0.020266666666666676
4 0.870775 0.8781 0.0069874999999998974 0.021566666666666758
1 0.8786750000000001 0.8794111111111111 0.008824999999999932 0.020266666666666676
1 0.63915625 0.8258222222222222 0.0010999999999999942 0.0019555555555555455
45 0.60770625 0.38963333333333333 0.03791875000000004 0.025188888888888844
14 0.643125 0.3885222222222222 0.027918750000000044 0.028888888888888888
48 0.7152937500000001 0.10467777777777777 0.019406250000000114 0.03742222222222223
48 0.73486875 0.10614444444444444 0.019737499999999953 0.03450000000000001
48 0.7546062499999999 0.10643333333333334 0.019737499999999953 0.03625555555555555