43 0.05035 0.325 0.013887499999999999 0.03147777777777783
40 0.052081249999999996 0.3574111111111111 0.034025 0.025922222222222267
17 0.45035 0.3481444444444444 0.004168750000000046 0.007411111111111065
17 0.297225 0.6037 0.004862499999999983 0.008644444444444415
17 0.39635624999999997 0.5944444444444444 0.0038187499999999376 0.007411111111111192
17 0.34513750000000004 0.6660444444444445 0.003474999999999966 0.007411111111111192
17 0.09375 0.6657444444444444 0.0034750000000000015 0.0067888888888887776
38 0.27291875 0.5944444444444444 0.008331250000000026 0.02468888888888892
38 0.08698125 0.6577111111111111 0.007987499999999982 0.024077777777777858
38 0.3387125 0.6586444444444444 0.007293750000000046 0.022222222222222223
38 0.38975625 0.5864222222222222 0.007987499999999982 0.022222222222222223
2 0.281075 0.5953666666666667 0.005900000000000034 0.022844444444444383
9 0.3517375 0.6567888888888889 0.009025000000000035 0.023455555555555445
9 0.100175 0.6571 0.008681249999999991 0.022844444444444383
9 0.45642499999999997 0.3413555555555556 0.007987499999999982 0.02345555555555557
9 0.42066249999999994 0.585488888888889 0.007987499999999982 0.02160000000000006
2 0.40208125 0.585488888888889 0.005556250000000063 0.022844444444444383
10 0.29045000000000004 0.5944444444444444 0.008681249999999991 0.023455555555555445
10 0.41145625 0.585488888888889 0.008331249999999955 0.020366666666666585
7 0.1092 0.6571 0.007987499999999982 0.02160000000000006
7 0.36041874999999995 0.6577111111111111 0.009724999999999966 0.02160000000000006
7 0.42881875 0.5861111111111111 0.008331249999999955 0.024077777777777858
7 0.46510625 0.34074444444444446 0.008681250000000062 0.02345555555555557
1 0.30399375 0.5950666666666666 0.007987499999999982 0.022222222222222223
2 0.05051875 0.7407444444444444 0.005206250000000008 0.023455555555555445
1 0.06458124999999999 0.7404333333333333 0.008331250000000007 0.024077777777777858
1 0.24739375 0.8398111111111112 0.007987499999999982 0.020366666666666585
1 0.234375 0.9188222222222223 0.007637500000000017 0.02160000000000006
1 0.24756875 0.9191333333333334 0.008331250000000026 0.020988888888889
7 0.35590000000000005 0.8293222222222222 0.007637500000000017 0.02531111111111108
7 0.127775 0.8407444444444444 0.009024999999999998 0.023455555555555445
7 0.46875 0.8398111111111112 0.008331249999999955 0.022844444444444383
2 0.23385625000000002 0.8404333333333334 0.005900000000000034 0.02160000000000006
2 0.22551875 0.9182111111111111 0.005900000000000034 0.02160000000000006
4 0.1144125 0.8401222222222222 0.008681249999999991 0.02468888888888892
5 0.34270625000000005 0.8296333333333333 0.008331249999999955 0.022222222222222223
9 0.46024375 0.8398111111111112 0.008681250000000062 0.024077777777777858
17 0.0576375 0.75 0.0034750000000000015 0.007411111111111192
17 0.12135625 0.8487666666666667 0.0038187500000000083 0.007411111111111192
17 0.240625 0.8487666666666667 0.003474999999999966 0.006177777777777717
17 0.24131875 0.9271555555555556 0.003474999999999966 0.007411111111111192
17 0.34965 0.8379666666666666 0.003474999999999966 0.008022222222222252
17 0.45347499999999996 0.8484555555555555 0.003474999999999966 0.0067888888888887776
43 0.53819375 0.8262333333333334 0.013887500000000018 0.033955555555555496
40 0.5402750000000001 0.8583333333333333 0.03333124999999995 0.024077777777777858
46 0.80104375 0.8138888888888889 0.08194375000000008 0.022844444444444383
34 0.80989375 0.8447555555555555 0.06423750000000013 0.019133333333333363
21 0.81614375 0.8793222222222222 0.05243124999999992 0.020366666666666585
30 0.862675 0.8129666666666666 0.018400000000000034 0.020988888888889
13 0.86545 0.8456777777777778 0.025349999999999966 0.020988888888889
2 0.8574625 0.8787 0.006599999999999966 0.017899999999999888
1 0.8642375 0.8784 0.006943750000000079 0.019755555555555526
1 0.8783 0.8793222222222222 0.007293750000000046 0.02160000000000006
4 0.87135625 0.8793222222222222 0.006599999999999966 0.017899999999999888
38 0.56944375 0.3577111111111111 0.009724999999999966 0.024077777777777733
17 0.5887125000000001 0.36666666666666664 0.0038187499999999376 0.009877777777777763
17 0.824825 0.20092222222222222 0.004512499999999875 0.009255555555555538
17 0.72395625 0.12253333333333334 0.003474999999999966 0.00802222222222222
1 0.58194375 0.35802222222222224 0.009724999999999966 0.022222222222222223
1 0.7114562499999999 0.10833333333333334 0.01944375000000008 0.03395555555555556
1 0.81475625 0.19074444444444444 0.015625 0.0284
1 0.83489375 0.1895111111111111 0.015625 0.0284
2 0.8465250000000001 0.18888888888888888 0.00625 0.029633333333333352
2 0.59461875 0.3577111111111111 0.005206249999999955 0.02654444444444443
0 0.7953125 0.19166666666666668 0.00868124999999992 0.02654444444444443
50 0.7934 0.1071 0.04027500000000003 0.037655555555555574
50 0.871525 0.18981111111111112 0.03333124999999995 0.03147777777777776
48 0.7371500000000001 0.10833333333333334 0.01875 0.03518888888888891
48 0.75625 0.1077111111111111 0.01805624999999992 0.03395555555555556
10 0.60399375 0.35864444444444443 0.009375 0.02345555555555557
9 0.6130187500000001 0.35864444444444443 0.008681250000000062 0.02345555555555557
7 0.621875 0.35802222222222224 0.007637500000000017 0.022222222222222223