23 0.027081249999999998 0.1108 0.015975000000000003 0.04258888888888887
23 0.36076250000000004 0.23271111111111112 0.015275000000000033 0.040744444444444465
38 0.3418375 0.15123333333333336 0.010068749999999937 0.030866666666666653
38 0.0798625 0.17376666666666665 0.01041875000000001 0.027777777777777776
38 0.23211874999999998 0.1824111111111111 0.010762500000000017 0.03271111111111111
2 0.32795 0.07808888888888889 0.008681250000000062 0.02901111111111112
2 0.37066249999999995 0.4756222222222222 0.007293750000000046 0.03271111111111117
2 0.44166875 0.46419999999999995 0.009025000000000035 0.030866666666666636
9 0.3173625 0.07777777777777778 0.011112499999999984 0.030866666666666667
4 0.0434 0.11142222222222223 0.0111125 0.030244444444444442
4 0.25381875 0.18395555555555557 0.011112499999999984 0.029633333333333352
4 0.35295000000000004 0.15123333333333336 0.011456249999999954 0.027155555555555554
4 0.37621250000000006 0.23518888888888886 0.011456249999999954 0.0284
7 0.1019125 0.46574444444444446 0.01145624999999999 0.029011111111111126
7 0.11215 0.4654333333333333 0.011112499999999984 0.030866666666666636
7 0.434725 0.125 0.011112499999999984 0.03147777777777776
7 0.44600625 0.12468888888888889 0.011456249999999954 0.030866666666666667
7 0.45347499999999996 0.4638888888888889 0.011112499999999984 0.030244444444444473
6 0.38142499999999996 0.4768555555555556 0.010762500000000017 0.033955555555555496
6 0.24270624999999998 0.18425555555555556 0.011112499999999984 0.029011111111111126
1 0.3644125 0.15154444444444443 0.012150000000000034 0.029011111111111126
1 0.3925375 0.4768555555555556 0.011456249999999954 0.029011111111111126
5 0.1015625 0.1753111111111111 0.010762500000000017 0.0284
5 0.0908 0.1746888888888889 0.01145624999999999 0.0308666666666667
10 0.0543375 0.11203333333333333 0.010068750000000008 0.03147777777777779
45 0.08645625000000001 0.11234444444444444 0.04583124999999999 0.030866666666666667
45 0.4203125 0.23425555555555558 0.045487499999999986 0.03024444444444441
1 0.38785 0.2361111111111111 0.009724999999999966 0.030244444444444473
38 0.0831625 0.5962999999999999 0.010762500000000008 0.029633333333333414
4 0.09444375 0.5966 0.01041875000000001 0.029011111111111
4 0.1046875 0.5959888888888889 0.010068750000000008 0.026544444444444554
4 0.115275 0.5959888888888889 0.011112499999999984 0.030244444444444473
4 0.07916875 0.7512333333333333 0.0111125 0.029633333333333414
5 0.1158 0.7953666666666667 0.010068750000000008 0.029011111111111
1 0.1267375 0.7941333333333334 0.01041875000000001 0.030244444444444473
1 0.09010625 0.7512333333333333 0.010762499999999982 0.02839999999999994
5 0.33263750000000003 0.564811111111111 0.010418750000000046 0.027155555555555554
5 0.36058750000000006 0.7586444444444445 0.009375 0.030866666666666636
5 0.37083125 0.7589555555555555 0.011112499999999984 0.029011111111111
2 0.4425375 0.7256222222222222 0.007293750000000046 0.026544444444444554
2 0.16857500000000003 0.7938222222222223 0.009375 0.029633333333333414
7 0.1796875 0.7938222222222223 0.012849999999999966 0.029633333333333414
7 0.45364375 0.7253111111111111 0.012150000000000034 0.02839999999999994
9 0.34305625 0.5645111111111111 0.011806250000000063 0.027777777777777714
23 0.0578125 0.7506222222222222 0.0170125 0.03580000000000003
23 0.09461874999999999 0.7929 0.015625 0.033955555555555496
22 0.14635625 0.7922888888888888 0.017012499999999982 0.031477777777777695
45 0.12291875 0.7530888888888888 0.04583124999999999 0.029633333333333414
14 0.1668375 0.7518555555555555 0.03298749999999998 0.029633333333333414
38 0.349825 0.7589555555555555 0.010762500000000017 0.030244444444444473
38 0.5677062500000001 0.3842555555555555 0.011806250000000063 0.030244444444444473
38 0.56805625 0.5759222222222222 0.009724999999999966 0.029633333333333352
11 0.57899375 0.5765444444444444 0.011456249999999954 0.029633333333333352
11 0.578475 0.38333333333333336 0.011806250000000063 0.02963333333333329
5 0.56649375 0.7682111111111111 0.010068749999999937 0.027777777777777776
1 0.57725625 0.7682111111111111 0.010762500000000017 0.029011111111111
46 0.799825 0.8138888888888889 0.08229375000000004 0.02160000000000006
34 0.8092 0.8450666666666666 0.06284999999999996 0.022222222222222223
21 0.81475625 0.8799333333333333 0.054512499999999874 0.02160000000000006
33 0.8730875 0.8138888888888889 0.040625 0.02160000000000006
3 0.88680625 0.8447555555555555 0.06805624999999992 0.017899999999999888
4 0.856425 0.8796333333333333 0.007293750000000046 0.019755555555555526
9 0.8637125 0.8796333333333333 0.007987500000000125 0.019755555555555526
1 0.87083125 0.8805555555555555 0.00625 0.019133333333333363
1 0.87795 0.8793222222222222 0.006599999999999966 0.02160000000000006
48 0.715275 0.1077111111111111 0.020831249999999954 0.036422222222222224
48 0.7348937499999999 0.10833333333333334 0.019099999999999964 0.036422222222222224
48 0.7546875 0.10741111111111111 0.019793750000000044 0.0358
48 0.774825 0.10864444444444445 0.019099999999999964 0.03333333333333333
49 0.799825 0.11574444444444444 0.015625 0.037655555555555574
49 0.8533 0.19629999999999997 0.012849999999999966 0.0308666666666667
2 0.8371500000000001 0.18981111111111112 0.00625 0.029011111111111126
0 0.8223937499999999 0.1922888888888889 0.009375 0.02284444444444445
6 0.5706625 0.17253333333333334 0.010762500000000017 0.02654444444444443
6 0.581425 0.1716 0.011456249999999954 0.025922222222222204