17 0.09603658536585366 0.08718614718614719 0.005756097560975609 0.012023809523809539
17 0.07672560975609756 0.1770670995670996 0.005079268292682935 0.010216450216450214
17 0.32452439024390245 0.08116883116883117 0.004743902439024374 0.008419913419913421
17 0.3307926829268293 0.20082251082251082 0.00711585365853663 0.010822510822510822
17 0.35145731707317074 0.28559523809523807 0.004402439024390261 0.010822510822510822
17 0.3607743902439024 0.36194805194805196 0.004743902439024374 0.009621212121212107
7 0.10382926829268292 0.07756493506493507 0.009823170731707326 0.02886363636363636
7 0.08434756097560976 0.16774891774891776 0.009487804878048782 0.02886363636363638
1 0.09417073170731707 0.16685064935064933 0.010164634146341472 0.03186147186147186
1 0.11365243902439023 0.07846320346320346 0.009146341463414634 0.02585497835497835
1 0.33146951219512194 0.07124458874458875 0.010500000000000016 0.02825757575757575
1 0.3416341463414634 0.07034632034632035 0.009146341463414634 0.028863636363636373
1 0.37839024390243897 0.352034632034632 0.009487804878048747 0.02585497835497834
1 0.36856097560975615 0.35323593073593074 0.01084146341463413 0.027056277056277056
4 0.3389207317073171 0.1920995670995671 0.010500000000000016 0.027056277056277056
7 0.3487439024390244 0.1917965367965368 0.009146341463414634 0.026450216450216446
7 0.36890243902439024 0.2780735930735931 0.01084146341463413 0.027056277056277056
9 0.35907926829268294 0.2783766233766234 0.010164634146341507 0.027662337662337635
6 0.35331707317073174 0.35353896103896104 0.009487804878048747 0.027662337662337604
10 0.4009146341463415 0.11062770562770563 0.009823170731707256 0.027662337662337666
43 0.3868536585365854 0.20172077922077922 0.016262195121951265 0.03667748917748916
40 0.3892256097560976 0.2362878787878788 0.037262195121951155 0.026450216450216446
45 0.39871341463414633 0.27687229437229444 0.04200609756097567 0.027056277056277087
23 0.30250609756097563 0.06884199134199134 0.014902439024390278 0.03427489177489177
23 0.3385853658536585 0.35083333333333333 0.01524390243902439 0.03427489177489173
23 0.3392621951219512 0.2747727272727273 0.01592073170731701 0.03607142857142859
5 0.31673170731707323 0.07244588744588744 0.009487804878048747 0.028257575757575766
8 0.3194451219512195 0.4993398268398268 0.009487804878048747 0.030660173160173203
1 0.32926829268292684 0.5002380952380953 0.010164634146341507 0.030064935064935034
20 0.3382439024390244 0.49242424242424243 0.009146341463414634 0.018041125541125497
40 0.24000609756097563 0.4148593073593073 0.038957317073170725 0.030064935064935034
43 0.23780487804878048 0.3793939393939394 0.018292682926829267 0.0348701298701299
12 0.19529268292682925 0.44492424242424244 0.01524390243902439 0.031266233766233754
12 0.19579878048780489 0.8441558441558441 0.013548780487804895 0.02645021645021651
43 0.23983536585365853 0.896461038961039 0.016262195121951196 0.03727272727272733
40 0.24135975609756097 0.93254329004329 0.037603658536585344 0.027662337662337604
8 0.09231097560975608 0.6520562770562771 0.011176829268292674 0.028257575757575648
1 0.11551219512195122 0.8712121212121212 0.008804878048780487 0.02645021645021651
1 0.3355365853658536 0.7653896103896104 0.009146341463414634 0.027662337662337604
1 0.3462073170731707 0.7650865800865801 0.01084146341463413 0.024653679653679626
1 0.38228048780487806 0.7073701298701299 0.009823170731707256 0.025854978354978464
1 0.3932926829268293 0.7067748917748917 0.01084146341463413 0.028257575757575648
1 0.43021951219512194 0.7732034632034632 0.01084146341463413 0.028863636363636442
1 0.4403780487804878 0.7717099567099567 0.010164634146341507 0.02945887445887449
17 0.09959146341463415 0.6607792207792207 0.004067073170731717 0.013225108225108254
17 0.0975609756097561 0.8787229437229438 0.004743902439024374 0.01142857142857137
17 0.32842073170731706 0.7744155844155843 0.004402439024390261 0.00962121212121223
17 0.3746585365853659 0.718495670995671 0.003390243902438991 0.00962121212121223
17 0.42259756097560974 0.7816233766233767 0.0037256097560975 0.00962121212121223
5 0.321140243902439 0.7650865800865801 0.010164634146341507 0.028257575757575648
7 0.10518292682926829 0.8694047619047619 0.011176829268292674 0.027662337662337604
7 0.11720731707317072 0.6511580086580087 0.010164634146341472 0.028863636363636442
4 0.10670731707317073 0.6514502164502165 0.010164634146341472 0.028257575757575648
4 0.41497560975609754 0.7723051948051948 0.012195121951219513 0.02945887445887449
6 0.36687195121951216 0.7079761904761904 0.01084146341463413 0.027056277056277056
23 0.6587073170731708 0.6165800865800866 0.016597560975609636 0.03787878787878788
23 0.5863841463414634 0.8588852813852814 0.015585365853658504 0.035476190476190446
23 0.6199207317073171 0.8961688311688311 0.015585365853658573 0.031861471861471924
17 0.6429512195121951 0.9069913419913419 0.004743902439024512 0.009015151515151436
17 0.6075548780487805 0.8703138528138528 0.005756097560975643 0.010216450216450276
17 0.6663292682926829 0.7350324675324675 0.004067073170731752 0.010216450216450276
17 0.6712378048780487 0.6268073593073593 0.004402439024390122 0.010216450216450276
1 0.6246585365853659 0.860995670995671 0.010164634146341507 0.027662337662337604
1 0.6832682926829268 0.728116883116883 0.008804878048780522 0.027662337662337604
1 0.649219512195122 0.8976623376623377 0.010499999999999877 0.030064935064935034
1 0.6592134146341463 0.8973701298701299 0.009487804878048747 0.02945887445887449
2 0.5997621951219513 0.8606926406926406 0.007792682926829252 0.027056277056277056
7 0.6151768292682926 0.8615909090909091 0.00812804878048776 0.02524891774891767
7 0.673609756097561 0.7272077922077923 0.009823170731707395 0.028257575757575648
7 0.6885182926829269 0.6174891774891774 0.010499999999999877 0.027662337662337604
4 0.6780121951219512 0.6189826839826841 0.010499999999999877 0.027056277056277056
4 0.6348231707317072 0.8973701298701299 0.010164634146341507 0.030660173160173082
10 0.6588780487804877 0.6562662337662337 0.009487804878048747 0.027056277056277056
12 0.5696158536585365 0.9436580086580088 0.013890243902439007 0.027056277056277056
12 0.590109756097561 0.9451623376623377 0.013548780487804895 0.02524891774891767
41 0.5220182926829269 0.9442640692640693 0.07249390243902445 0.028257575757575648
0 0.5799451219512195 0.946969696969697 0.00812804878048776 0.013225108225108254
39 0.7171402439024389 0.6174891774891774 0.037939024390243783 0.027662337662337604
35 0.7054512195121951 0.6562662337662337 0.0626707317073172 0.02945887445887449
46 0.8013231707317073 0.813495670995671 0.08164024390243894 0.02284632034632024
34 0.8109756097560976 0.8465584415584416 0.06436585365853655 0.021645021645021644
21 0.8165670731707317 0.8820346320346321 0.05318292682926817 0.024047619047619078
30 0.8634817073170731 0.815 0.019646341463414513 0.02225108225108219
36 0.9168353658536584 0.8477597402597403 0.12364634146341476 0.024047619047619078
9 0.8577256097560976 0.880530303030303 0.008804878048780522 0.021038961038961097
10 0.8650060975609756 0.8796320346320347 0.007792682926829391 0.020443722943723052
1 0.8721219512195122 0.8808333333333334 0.00711585365853663 0.020443722943723052
1 0.8794024390243903 0.8820346320346321 0.006097560975609756 0.020443722943723052
48 0.7112134146341464 0.10702380952380952 0.021341463414634148 0.03727272727272727
48 0.7313658536585366 0.10792207792207792 0.018292682926829267 0.03427489177489179
48 0.7582987804878049 0.10702380952380952 0.021341463414634148 0.03848484848484849
17 0.7437317073170732 0.12085497835497835 0.004402439024390122 0.012023809523809508
50 0.7931890243902439 0.10612554112554112 0.04098780487804866 0.03667748917748916
0 0.804030487804878 0.1933008658008658 0.013213414634146386 0.030660173160173144
1 0.8236768292682927 0.19029220779220782 0.016597560975609636 0.030660173160173144
17 0.8341829268292683 0.20111471861471863 0.005079268292682883 0.012629870129870147
2 0.8406158536585365 0.188495670995671 0.009823170731707395 0.03186147186147186
50 0.8660243902439024 0.1890909090909091 0.03624390243902442 0.03427489177489179
43 0.5365853658536586 0.3971212121212121 0.017615853658536646 0.03667748917748916
40 0.5377682926829268 0.4337987012987013 0.036926829268292646 0.027056277056277056
23 0.48306097560975614 0.26604978354978354 0.018969512195121892 0.033073593073593074
1 0.49881707317073165 0.26816017316017315 0.011176829268292639 0.025248917748917733
4 0.513890243902439 0.26936147186147186 0.008804878048780522 0.026450216450216477
7 0.5230365853658536 0.26846320346320346 0.009487804878048747 0.028257575757575773
10 0.4857743902439024 0.30483766233766235 0.01151829268292689 0.02645021645021651
35 0.5325182926829268 0.30512987012987014 0.06368292682926832 0.028257575757575773
39 0.5516585365853659 0.26816017316017315 0.03760365853658541 0.02886363636363638
17 0.5069451219512195 0.2777813852813853 0.004402439024390261 0.00841991341991339
32 0.4635853658536585 0.11003246753246754 0.09315853658536584 0.028863636363636352
27 0.46290853658536585 0.14459956709956712 0.14668292682926826 0.028257575757575773
1 0.8389207317073171 0.3033333333333333 0.009823170731707395 0.02585497835497834
1 0.8831280487804878 0.30423160173160174 0.010841463414634269 0.02886363636363632
1 0.926829268292683 0.30363636363636365 0.010164634146341507 0.02645021645021651
17 0.8456951219512195 0.3129545454545455 0.004402439024390122 0.012629870129870085
17 0.8902439024390244 0.3126515151515151 0.004743902439024512 0.012023809523809539
17 0.9339451219512196 0.3129545454545455 0.003390243902438991 0.00901515151515156
7 0.8543353658536584 0.30303030303030304 0.010164634146341507 0.02886363636363632
7 0.8980365853658536 0.30483766233766235 0.010164634146341507 0.03366883116883118
7 0.9424146341463414 0.30363636363636365 0.011518292682926751 0.027662337662337604
48 0.9124329268292684 0.30693722943722945 0.011176829268292639 0.024653679653679626
48 0.8683963414634147 0.30783549783549785 0.009823170731707395 0.02524891774891779
16 0.8624634146341463 0.3409090909090909 0.0582682926829268 0.027662337662337604
10 0.8458658536585366 0.3751839826839827 0.010841463414634269 0.02886363636363632
35 0.8943109756097561 0.37427489177489176 0.06368292682926832 0.028257575757575773