9 0.15257500000000002 0.12287777777777778 0.008825000000000003 0.02353333333333334
9 0.047975000000000004 0.5055555555555555 0.00845625 0.02548888888888895
9 0.283275 0.3879111111111111 0.009193750000000023 0.024177777777777767
9 0.32775624999999997 0.09902222222222223 0.009193750000000023 0.02287777777777778
9 0.283275 0.6784333333333333 0.008456249999999983 0.023533333333333403
9 0.3125 0.8924888888888889 0.008825000000000003 0.02679999999999988
9 0.46158125 0.9153555555555556 0.008456249999999983 0.02548888888888895
8 0.1648875 0.9094777777777777 0.008456249999999983 0.02548888888888895
8 0.05533125 0.7133999999999999 0.0077187499999999964 0.022877777777777688
8 0.16415624999999998 0.5287555555555555 0.009193750000000006 0.026144444444444415
8 0.33805 0.35555555555555557 0.0077187499999999435 0.02483333333333336
14 0.1742625 0.12319999999999999 0.02573749999999997 0.025488888888888887
50 0.2148875 0.12451111111111111 0.04816250000000004 0.024177777777777767
1 0.34724375 0.3558777777777778 0.009925000000000067 0.024177777777777767
1 0.17279375000000002 0.5294111111111112 0.008825000000000003 0.023533333333333278
1 0.064525 0.7130666666666666 0.009193750000000006 0.02091111111111104
1 0.17353125 0.9094777777777777 0.008825000000000003 0.022877777777777688
1 0.8724250000000001 0.8797333333333334 0.006618750000000091 0.015688888888888766
1 0.87959375 0.8800666666666666 0.00625 0.017644444444444567
1 0.833275 0.1885666666666667 0.015074999999999932 0.026800000000000004
17 0.7659937499999999 0.12058888888888888 0.004781250000000057 0.005877777777777769
17 0.84283125 0.1986888888888889 0.004043749999999875 0.009155555555555566
52 0.804225 0.11437777777777777 0.015806249999999977 0.04052222222222222
52 0.86470625 0.19476666666666667 0.013237499999999897 0.03137777777777779
0 0.8137875 0.18986666666666666 0.009925000000000067 0.025488888888888887
51 0.7132375000000001 0.10686666666666668 0.017649999999999864 0.03464444444444445
51 0.73419375 0.10653333333333333 0.01911875000000009 0.03528888888888888
51 0.75349375 0.10621111111111112 0.02021874999999994 0.03464444444444445
51 0.77830625 0.10621111111111112 0.01911875000000009 0.03464444444444445
47 0.8018375 0.8137222222222222 0.08235000000000013 0.022222222222222223
33 0.87445 0.8133999999999999 0.040806249999999974 0.020266666666666676
34 0.8112125 0.8470555555555556 0.06286875000000008 0.022222222222222223
21 0.8169124999999999 0.8803888888888889 0.05367500000000007 0.01961111111111121
3 0.90845625 0.8454222222222222 0.10588124999999991 0.018955555555555496
4 0.85845625 0.8807222222222222 0.005881249999999909 0.017644444444444567
9 0.865625 0.8803888888888889 0.005512500000000102 0.01698888888888885