23 0.099825 0.06388888888888888 0.016318750000000007 0.0351888888888889
2 0.11354375 0.06697777777777777 0.007637500000000017 0.026544444444444436
1 0.12239375000000001 0.0672888888888889 0.008681249999999991 0.0284
23 0.31683750000000005 0.06265555555555556 0.012850000000000002 0.03518888888888888
7 0.3296875 0.06203333333333333 0.009375 0.027777777777777776
1 0.3390625 0.06296666666666667 0.010762500000000017 0.027155555555555554
8 0.35503749999999995 0.12963333333333332 0.007987499999999982 0.025922222222222235
44 0.0533 0.20246666666666666 0.014931249999999991 0.03456666666666668
40 0.05520625 0.23333333333333334 0.034025 0.027155555555555554
2 0.0793375 0.3333333333333333 0.006600000000000002 0.02345555555555557
4 0.08854374999999999 0.3333333333333333 0.009725000000000001 0.022222222222222223
5 0.35625 0.325 0.007637500000000017 0.02531111111111108
9 0.36579999999999996 0.3231444444444444 0.010762500000000017 0.02531111111111108
6 0.45451250000000004 0.08178888888888888 0.009724999999999966 0.026544444444444454
5 0.4454875 0.08147777777777777 0.009025000000000035 0.029633333333333328
38 0.61163125 0.1642 0.009375 0.024688888888888857
4 0.63541875 0.1111111111111111 0.009725000000000037 0.025922222222222204
7 0.6449625 0.11048888888888889 0.009375 0.025922222222222204
6 0.6208312500000001 0.1642 0.009025000000000035 0.024688888888888857
4 0.614725 0.32403333333333334 0.0084375 0.024333333333333308
7 0.04995625000000001 0.7152777777777778 0.008912499999999995 0.024233333333333273
6 0.5041 0.49956666666666666 0.009818750000000022 0.024811111111111155
2 0.2999 0.44314444444444445 0.006850000000000023 0.025988888888888874
1 0.5126062499999999 0.5412333333333333 0.008687500000000056 0.026077777777777807
4 0.36971875 0.7400222222222222 0.00894999999999996 0.024155555555555566
23 0.2868625 0.4427111111111111 0.012237500000000026 0.026488888888888923
4 0.03713125 0.4090666666666667 0.009937500000000004 0.02360000000000001
23 0.49072499999999997 0.49956666666666666 0.012006250000000022 0.025877777777777736
2 0.5757375 0.8823777777777778 0.007218749999999972 0.02270000000000007
23 0.49048125 0.5395 0.012337500000000006 0.026800000000000004
5 0.561525 0.7083333333333334 0.008612499999999983 0.022877777777777688
25 0.0695875 0.4774333333333333 0.05291875000000001 0.024899999999999964
24 0.09860625 0.9053777777777778 0.04759375000000001 0.024233333333333273
5 0.33751875 0.9053777777777778 0.008943749999999966 0.02369999999999992
24 0.37573124999999996 0.9053777777777778 0.047424999999999926 0.024233333333333273
5 0.06061875 0.9053777777777778 0.009643750000000005 0.02377777777777788
6 0.37158125 0.49175555555555556 0.009481250000000045 0.023233333333333297
45 0.38378749999999995 0.5976555555555555 0.0725125 0.02529999999999998
25 0.08166875 0.4084222222222222 0.05418749999999999 0.02471111111111112
15 0.09253125000000001 0.6514777777777778 0.008062499999999986 0.02279999999999998
2 0.8382999999999999 0.19157777777777776 0.011775000000000091 0.03439999999999998
15 0.32201875 0.657988888888889 0.00818749999999998 0.02201111111111105
26 0.36230625000000005 0.5429666666666667 0.08166250000000005 0.02452222222222228
45 0.87890625 0.35915555555555556 0.07305624999999992 0.025
33 0.87206875 0.8164111111111111 0.04202499999999986 0.02077777777777783
12 0.09234375 0.14029999999999998 0.011031249999999986 0.022355555555555545
18 0.66985625 0.6263 0.12773750000000006 0.02699999999999995
41 0.4898625 0.5863666666666667 0.06628124999999997 0.02471111111111112
18 0.6555312499999999 0.8819444444444444 0.12666249999999998 0.027422222222222292
9 0.8565 0.8836777777777777 0.007249999999999943 0.020455555555555647
52 0.78863125 0.11612222222222222 0.01975625000000008 0.04343333333333334
41 0.48298125 0.9244777777777777 0.06770624999999995 0.02529999999999998
52 0.8536437499999999 0.19629999999999997 0.015625 0.035799999999999964
0 0.822225 0.19135555555555556 0.013887499999999876 0.038266666666666664
6 0.60538125 0.3231444444444444 0.009375 0.02654444444444443
4 0.51336875 0.4978444444444444 0.009375 0.02654444444444443
7 0.503125 0.5398111111111111 0.009025000000000035 0.024077777777777733
1 0.30920000000000003 0.44382222222222223 0.010068750000000008 0.022222222222222223
6 0.36058750000000006 0.7398111111111112 0.010068749999999937 0.022844444444444383
20 0.3454875 0.8990777777777778 0.00625 0.015433333333333445
20 0.068575 0.8984555555555556 0.006600000000000002 0.015433333333333445
7 0.059725 0.7154333333333334 0.0111125 0.027155555555555617
45 0.31614375 0.49197777777777774 0.07256875000000002 0.02468888888888892
12 0.5328125 0.5858 0.012150000000000034 0.02839999999999994
12 0.5517375 0.5848777777777777 0.0125 0.029011111111111
0 0.5421875 0.5876555555555555 0.007987499999999982 0.012344444444444333
8 0.5986125 0.6271555555555556 0.009724999999999966 0.02592222222222214
26 0.6328125 0.6611111111111111 0.07743125 0.02468888888888892
37 0.7050375 0.6604888888888889 0.059375 0.02468888888888892
4 0.584025 0.8821 0.009724999999999966 0.02592222222222214
26 0.6137125 0.9160444444444445 0.07951249999999994 0.027155555555555617
37 0.6868062500000001 0.9172888888888888 0.057637499999999876 0.02468888888888892
15 0.52448125 0.9246888888888889 0.008681250000000062 0.027155555555555617
15 0.54010625 0.9234555555555556 0.009375 0.027155555555555617
0 0.53176875 0.9262333333333334 0.007987499999999982 0.009255555555555475
47 0.8 0.8182111111111111 0.08055624999999993 0.022844444444444383
36 0.9144125 0.8487666666666667 0.12256875000000007 0.019755555555555526
34 0.8092 0.8503111111111111 0.06354375000000005 0.02531111111111108
21 0.8149312500000001 0.8836444444444445 0.05277500000000004 0.02160000000000006
10 0.8637125 0.8833333333333333 0.007293750000000046 0.019755555555555526
1 0.87118125 0.8839555555555555 0.00625 0.019755555555555526
1 0.8783 0.8842555555555556 0.007293750000000046 0.020366666666666585
12 0.3262125 0.1398111111111111 0.01354375000000001 0.02654444444444446
10 0.034375 0.47654444444444444 0.009725000000000001 0.02468888888888892
1 0.04600625 0.4095666666666667 0.009375 0.02654444444444443
51 0.7246125000000001 0.10873333333333333 0.01914999999999992 0.034955555555555566
51 0.7450375 0.10895555555555556 0.01914999999999992 0.03632222222222222
51 0.76431875 0.10827777777777778 0.020431250000000033 0.035866666666666665