44 0.23073125 0.0679 0.013543749999999974 0.030866666666666667
44 0.32361249999999997 0.22654444444444444 0.013887500000000018 0.03209999999999998
44 0.2316 0.8743777777777778 0.0125 0.030244444444444473
40 0.23333125 0.9074111111111111 0.032637500000000014 0.022222222222222223
40 0.2329875 0.09937777777777777 0.03194375000000001 0.02345555555555557
40 0.32482500000000003 0.2580222222222222 0.03298749999999998 0.024688888888888857
23 0.12551875 0.12006666666666667 0.01423750000000002 0.027777777777777776
38 0.11788125 0.4006222222222222 0.009375 0.02345555555555557
38 0.32777500000000004 0.8845666666666667 0.008331249999999955 0.023455555555555445
5 0.33645625 0.8845666666666667 0.007637500000000017 0.022222222222222223
5 0.1269125 0.4006222222222222 0.008681249999999991 0.022222222222222223
1 0.14705000000000001 0.1209888888888889 0.007987499999999982 0.025922222222222235
1 0.32535 0.6379666666666666 0.007637500000000017 0.020366666666666585
6 0.31597500000000006 0.6382666666666668 0.009725000000000001 0.022222222222222223
4 0.1387125 0.12067777777777777 0.008681249999999991 0.02284444444444445
51 0.72100625 0.10741111111111111 0.018400000000000034 0.0358
51 0.7409749999999999 0.10833333333333334 0.01944375000000008 0.03395555555555556
51 0.7664937500000001 0.10802222222222223 0.018400000000000034 0.03333333333333333
52 0.7914937500000001 0.11635555555555556 0.01631875000000008 0.03888888888888889
52 0.8611125 0.19567777777777778 0.01319375000000008 0.029633333333333352
2 0.84635625 0.19012222222222225 0.005900000000000034 0.027155555555555554
17 0.75416875 0.12191111111111111 0.004168750000000046 0.009255555555555569
17 0.84045 0.2 0.003125 0.007411111111111129
0 0.8112874999999999 0.19197777777777777 0.01006875000000008 0.024688888888888857
1 0.8305562500000001 0.1892 0.015275000000000033 0.027777777777777776
1 0.8699625000000001 0.8780888888888888 0.006599999999999966 0.017899999999999888
1 0.8767375 0.8784 0.00625 0.019755555555555526
47 0.7989562499999999 0.8123444444444444 0.08055624999999993 0.019755555555555526
34 0.8081625 0.8447555555555555 0.061456249999999955 0.02160000000000006
21 0.81475625 0.8777777777777778 0.051737500000000124 0.022222222222222223
33 0.871875 0.8126555555555556 0.04097499999999996 0.020366666666666585
3 0.90520625 0.8435222222222222 0.10486250000000012 0.02160000000000006
4 0.85573125 0.8780888888888888 0.007293750000000046 0.019133333333333363
9 0.86285 0.8787 0.006943750000000079 0.019133333333333363