11 0.4761158536585366 0.07636363636363637 0.010500000000000016 0.030064935064935065
42 0.29573170731707316 0.07606060606060606 0.03590853658536588 0.02585497835497835
42 0.5069268292682927 0.17841991341991342 0.0363536585365853 0.025259740259740232
35 0.18834146341463415 0.45585497835497835 0.05965243902439027 0.0299025974025974
11 0.26090243902439025 0.07626623376623376 0.008835365853658543 0.023733766233766242
38 0.1393658536585366 0.4227056277056277 0.008335365853658546 0.02241341991341995
44 0.08478048780487804 0.24071428571428571 0.011871951219512178 0.030032467532467532
6 0.1452621951219512 0.4580194805194805 0.010457317073170718 0.02867965367965368
7 0.04453048780487805 0.2511147186147186 0.009518292682926838 0.024112554112554144
40 0.08819512195121951 0.2716883116883117 0.03470121951219511 0.024112554112554144
11 0.2693719512195122 0.07626623376623376 0.008835365853658543 0.023733766233766242
8 0.14783536585365853 0.4227056277056277 0.007658536585365855 0.02241341991341995
6 0.052829268292682925 0.2511147186147186 0.009859756097560969 0.024112554112554144
40 0.5952134146341463 0.4861904761904762 0.03528048780487799 0.02457792207792212
6 0.08191463414634147 0.7544155844155844 0.00935975609756098 0.022943722943722992
44 0.59375 0.45325757575757575 0.011597560975609746 0.029112554112554086
7 0.20123780487804876 0.887012987012987 0.008768292682926827 0.024199134199134092
2 0.6978719512195122 0.49268398268398267 0.006939024390243969 0.024112554112554082
6 0.7208231707317073 0.7474783549783549 0.008798780487804778 0.025541125541125444
2 0.42239024390243907 0.6569155844155844 0.005865853658536519 0.02241341991341995
2 0.4732621951219512 0.4172943722943723 0.008268292682926797 0.02574675324675321
8 0.4809207317073171 0.7717532467532467 0.007713414634146397 0.025443722943722935
2 0.4983170731707317 0.9137121212121212 0.00884756097560975 0.028647186147186178
38 0.38178048780487805 0.6560497835497836 0.008414634146341436 0.023116883116883008
6 0.48828048780487804 0.49832251082251083 0.010091463414634119 0.02664502164502165
5 0.3427439024390244 0.5459848484848485 0.01094512195121954 0.02337662337662334
4 0.6471341463414634 0.9160497835497835 0.009365853658536663 0.02594155844155847
2 0.2613231707317073 0.9394480519480519 0.00578048780487806 0.02392857142857132
38 0.05879878048780488 0.5342857142857143 0.010695121951219508 0.026244588744588744
5 0.3672682926829269 0.5793506493506494 0.009926829268292666 0.024025974025974076
10 0.6953109756097561 0.7717532467532467 0.009231707317073094 0.02383116883116881
6 0.40258536585365856 0.5793506493506494 0.009121951219512217 0.023116883116883008
46 0.37964024390243906 0.5455519480519481 0.040615853658536524 0.023831168831168873
33 0.8764634146341463 0.8146428571428571 0.04336585365853652 0.020497835497835556
42 0.3194573170731707 0.4272619047619048 0.03973780487804879 0.025162337662337664
3 0.9105365853658537 0.8462770562770563 0.10695121951219518 0.019816017316017256
4 0.8602317073170731 0.8813744588744589 0.007865853658536641 0.02010822510822503
21 0.8178719512195122 0.8809415584415584 0.058225609756097425 0.020984848484848592
34 0.8120121951219512 0.8458441558441557 0.06598170731707319 0.022240259740259692
47 0.8036951219512195 0.8152922077922078 0.08164024390243894 0.02284632034632024
8 0.5076341463414634 0.9143073593073594 0.008506097560975638 0.02383116883116881
1 0.3532439024390244 0.5459848484848485 0.009585365853658554 0.02337662337662334
1 0.48973170731707316 0.7717532467532467 0.009750000000000005 0.025443722943722935
6 0.7065121951219513 0.49268398268398267 0.01066463414634133 0.024112554112554082
46 0.36163414634146346 0.4272619047619048 0.042786585365853703 0.025162337662337664
4 0.7306463414634147 0.7474783549783549 0.010158536585365766 0.025541125541125444
8 0.43153658536585365 0.6569155844155844 0.00993292682926827 0.02241341991341995
10 0.37692073170731705 0.5793506493506494 0.008908536585365792 0.024025974025974076
7 0.2103841463414634 0.887012987012987 0.008768292682926827 0.024199134199134092
11 0.4822439024390244 0.4172943722943723 0.009280487804878066 0.02574675324675321
2 0.2694512195121951 0.9394480519480519 0.007140243902439046 0.02392857142857132
4 0.09137195121951219 0.7548484848484849 0.009780487804878061 0.0223160173160172
2 0.3904146341463414 0.6560497835497836 0.00671951219512194 0.023116883116883008
7 0.09060975609756097 0.5338528138528138 0.009414634146341461 0.025443722943722935
9 0.8680487804878049 0.8813744588744589 0.007792682926829391 0.023376623376623277
4 0.6557621951219512 0.9151839826839827 0.00993292682926827 0.02574675324675321
2 0.841609756097561 0.19154761904761905 0.012609756097560876 0.03707792207792207
1 0.875 0.8817316017316018 0.00812804878048776 0.024653679653679626
1 0.8824512195121952 0.8823376623376623 0.00812804878048776 0.018636363636363666
20 0.4983048780487805 0.7662987012987013 0.00812804878048776 0.016233766233766232
4 0.39956097560975606 0.6562662337662337 0.010500000000000016 0.025854978354978464
23 0.33028658536585365 0.545930735930736 0.014225609756097516 0.027662337662337666
23 0.3548414634146342 0.5817099567099567 0.013890243902439007 0.030660173160173082
22 0.3892256097560976 0.580508658008658 0.014902439024390278 0.030660173160173082
0 0.8257134146341464 0.19089826839826837 0.011176829268292639 0.03787878787878788
52 0.8567073170731707 0.19541125541125542 0.014225609756097516 0.032467532467532464
52 0.7933597560975609 0.11634199134199134 0.016939024390244025 0.04268398268398268
23 0.1875 0.8877489177489177 0.01524390243902439 0.034274891774891854
10 0.27845731707317073 0.9397510822510823 0.010164634146341438 0.02645021645021651
4 0.06792073170731708 0.534512987012987 0.009146341463414634 0.02524891774891779
9 0.0770670731707317 0.5342099567099567 0.009823170731707308 0.028257575757575773
17 0.08316463414634145 0.5441341991341991 0.006439024390243904 0.00841991341991339
8 0.4801829268292683 0.17917748917748919 0.009146341463414634 0.027662337662337666
2 0.47053048780487805 0.17796536796536797 0.00812804878048776 0.027662337662337666
51 0.7279817073170732 0.10702380952380952 0.02235975609756102 0.03727272727272727
51 0.7477987804878049 0.10612554112554112 0.020664634146341385 0.03787878787878788
51 0.7682926829268293 0.10792207792207792 0.021000000000000033 0.03547619047619048