44 0.284725 0.09536666666666667 0.0125 0.03147777777777779
44 0.45225625 0.3734555555555556 0.012849999999999966 0.03209999999999998
40 0.28628750000000003 0.12685555555555555 0.03298749999999998 0.02284444444444445
40 0.4546875 0.40586666666666665 0.03159999999999997 0.024077777777777733
17 0.0359375 0.38580000000000003 0.003125 0.006177777777777717
17 0.24774374999999998 0.21604444444444446 0.003125 0.007411111111111129
17 0.0953125 0.38580000000000003 0.0038187500000000083 0.008644444444444415
17 0.27795000000000003 0.5962999999999999 0.004512500000000017 0.008644444444444415
17 0.5296875 0.5530888888888889 0.0038187499999999376 0.007411111111111065
7 0.02899375 0.3765444444444444 0.009375 0.02468888888888892
7 0.1015625 0.3774666666666667 0.008681249999999991 0.024077777777777733
7 0.262675 0.2074111111111111 0.009375 0.022222222222222223
1 0.0421875 0.37777777777777777 0.008681249999999996 0.022222222222222223
1 0.0515625 0.3774666666666667 0.008681249999999991 0.022844444444444383
1 0.06006875 0.3771555555555556 0.009725000000000001 0.02468888888888892
1 0.1105875 0.3774666666666667 0.009375 0.02531111111111108
1 0.11944375000000002 0.3771555555555556 0.00833124999999999 0.02345555555555557
1 0.28385625000000003 0.5876555555555555 0.009375 0.023455555555555445
1 0.29288125 0.5882666666666667 0.007987499999999982 0.022222222222222223
1 0.30191250000000003 0.5879666666666666 0.007987499999999982 0.022844444444444383
1 0.27256875 0.2074111111111111 0.009025000000000035 0.02345555555555557
8 0.2408 0.2067888888888889 0.008681249999999991 0.02345555555555557
5 0.08819375000000002 0.37777777777777777 0.009024999999999998 0.02468888888888892
9 0.25451250000000003 0.2067888888888889 0.009025000000000035 0.022222222222222223
10 0.27083124999999997 0.5888888888888889 0.008331250000000026 0.02468888888888892
44 0.28402499999999997 0.7867333333333333 0.0125 0.031477777777777695
44 0.5453125 0.7879666666666666 0.012150000000000034 0.030244444444444473
40 0.28576250000000003 0.8194444444444444 0.032637500000000014 0.02531111111111108
40 0.54635625 0.8206777777777778 0.030900000000000035 0.024077777777777858
17 0.45295 0.8064777777777778 0.005206249999999955 0.0067888888888887776
17 0.65520625 0.7932111111111111 0.003474999999999966 0.006177777777777717
17 0.6960062499999999 0.6589555555555555 0.003125 0.008022222222222252
17 0.5451375 0.5867333333333332 0.004168750000000046 0.005555555555555556
17 0.6015625 0.5882666666666667 0.005206249999999955 0.007411111111111192
22 0.5855875 0.5787 0.013543750000000045 0.026544444444444492
23 0.5144124999999999 0.5438222222222222 0.012849999999999966 0.02963333333333329
23 0.5206624999999999 0.5783999999999999 0.012849999999999966 0.029633333333333352
23 0.643925 0.7839555555555555 0.012150000000000034 0.027155555555555617
23 0.6767375 0.6490777777777778 0.01319375000000008 0.030244444444444473
1 0.47691249999999996 0.7978444444444444 0.009375 0.022844444444444383
1 0.6706624999999999 0.7839555555555555 0.00868124999999992 0.02468888888888892
1 0.6791687500000001 0.7851888888888888 0.009025000000000035 0.02468888888888892
1 0.702775 0.65 0.008331249999999955 0.02468888888888892
1 0.7112875 0.6493777777777778 0.00868124999999992 0.02468888888888892
1 0.7206625 0.6496888888888889 0.007987500000000125 0.02160000000000006
1 0.6263875 0.5787 0.008331249999999955 0.022844444444444383
1 0.5517375 0.5790111111111111 0.009025000000000035 0.02468888888888892
1 0.5605875 0.5790111111111111 0.008681250000000062 0.023455555555555507
1 0.56961875 0.5780888888888889 0.008681250000000062 0.022844444444444383
1 0.55381875 0.5453666666666667 0.008331249999999955 0.02160000000000006
1 0.5449625 0.5453666666666667 0.007987499999999982 0.02160000000000006
6 0.48524375 0.5453666666666667 0.009375 0.02160000000000006
2 0.537675 0.5796333333333333 0.005900000000000034 0.023455555555555507
2 0.6888875 0.6503111111111111 0.005556249999999921 0.022844444444444383
7 0.5362874999999999 0.5456777777777778 0.008681250000000062 0.02468888888888892
7 0.6175375 0.5796333333333333 0.007293750000000046 0.02468888888888892
7 0.6619812500000001 0.7851888888888888 0.007987500000000125 0.023455555555555445
7 0.468925 0.7990777777777778 0.007987499999999982 0.024077777777777858
9 0.459375 0.7972222222222223 0.008331249999999955 0.022844444444444383
4 0.60850625 0.5787 0.009375 0.022844444444444383
51 0.4949625 0.5456777777777778 0.011456249999999954 0.02468888888888892
46 0.5807312499999999 0.5453666666666667 0.036456249999999954 0.02160000000000006
14 0.6170125 0.5456777777777778 0.02638750000000002 0.02468888888888892
47 0.8 0.8129666666666666 0.08194375000000008 0.020988888888889
34 0.809025 0.8447555555555555 0.0625 0.02160000000000006
21 0.8152750000000001 0.8793222222222222 0.052081249999999954 0.020366666666666585
30 0.8614562499999999 0.8135777777777778 0.01944375000000008 0.019755555555555526
36 0.9149312500000001 0.8450666666666666 0.12361250000000013 0.019755555555555526
9 0.856075 0.8790111111111111 0.006599999999999966 0.020988888888889
10 0.86336875 0.8790111111111111 0.006599999999999966 0.018522222222222304
1 0.8703125 0.8796333333333333 0.007293750000000046 0.019755555555555526
1 0.8777750000000001 0.8793222222222222 0.006943750000000079 0.017899999999999888
1 0.8137125000000001 0.18765555555555555 0.01493124999999992 0.0284
1 0.834025 0.18734444444444445 0.014581249999999955 0.027777777777777776
17 0.72239375 0.11975555555555556 0.004512499999999875 0.00617777777777778
17 0.8237875 0.19876666666666665 0.005206249999999955 0.008644444444444415
51 0.7097249999999999 0.10617777777777777 0.01875 0.03456666666666668
51 0.73541875 0.10555555555555556 0.020137499999999874 0.0358
51 0.75520625 0.10617777777777777 0.01875 0.03333333333333333
53 0.79166875 0.10555555555555556 0.04027500000000003 0.03456666666666668
53 0.87118125 0.18796666666666664 0.03333124999999995 0.03147777777777776
0 0.79375 0.1892 0.011112500000000126 0.025311111111111145
2 0.8456625 0.18826666666666667 0.007293750000000046 0.027155555555555554
17 0.072225 0.749688888888889 0.004168749999999992 0.008022222222222252
4 0.07864374999999998 0.7419777777777777 0.009374999999999991 0.02468888888888892
7 0.087675 0.7416666666666667 0.007987499999999982 0.02160000000000006
1 0.096525 0.7422888888888888 0.009024999999999998 0.02160000000000006