44 0.3967 0.20864444444444444 0.013543750000000045 0.03333333333333333
44 0.49444375 0.42808888888888885 0.0125 0.03147777777777783
40 0.496875 0.4595666666666667 0.03333124999999995 0.024077777777777733
40 0.3984375 0.24074444444444443 0.03298749999999998 0.02345555555555557
7 0.440275 0.2185222222222222 0.008331249999999955 0.024688888888888857
7 0.08801875 0.2213 0.008681249999999991 0.024077777777777795
6 0.078475 0.22098888888888887 0.009725000000000001 0.022222222222222223
8 0.43125 0.21913333333333332 0.006943749999999938 0.020988888888888873
9 0.060587499999999996 0.4524666666666667 0.007987500000000002 0.022222222222222223
2 0.0515625 0.4527777777777778 0.006600000000000002 0.022844444444444383
4 0.24913125 0.4675888888888889 0.007987499999999982 0.024077777777777733
4 0.2574625 0.46697777777777777 0.007987499999999982 0.02160000000000006
23 0.0387125 0.45185555555555557 0.011456249999999994 0.027155555555555617
46 0.08680624999999999 0.45215555555555553 0.03680624999999999 0.022844444444444383
38 0.23993124999999998 0.46790000000000004 0.007637500000000017 0.02345555555555557
7 0.10676875000000001 0.7135777777777778 0.008681249999999991 0.022222222222222223
7 0.37881875 0.7098777777777777 0.009025000000000035 0.023455555555555445
7 0.49756875 0.7027777777777777 0.008331249999999955 0.022844444444444383
7 0.55069375 0.8743777777777778 0.008331249999999955 0.022844444444444383
11 0.2138875 0.8373444444444444 0.008331250000000026 0.020366666666666585
11 0.22239375 0.8370333333333334 0.007293749999999975 0.022222222222222223
6 0.23645624999999998 0.9012333333333333 0.008331250000000026 0.02468888888888892
6 0.09756875000000001 0.7123444444444444 0.009024999999999998 0.022222222222222223
9 0.06301875 0.6774666666666667 0.009375 0.022844444444444383
5 0.071875 0.6783999999999999 0.007637499999999999 0.022222222222222223
5 0.38785 0.7114222222222222 0.009025000000000035 0.022844444444444383
1 0.2456625 0.9009222222222223 0.009375 0.024077777777777858
8 0.48871250000000005 0.7030888888888889 0.007293750000000046 0.020988888888889
4 0.5420125 0.875311111111111 0.009025000000000035 0.023455555555555445
20 0.5052062500000001 0.6959888888888889 0.005556250000000063 0.011733333333333273
2 0.6074625 0.8231444444444445 0.005900000000000034 0.024077777777777858
1 0.6168375 0.8234555555555556 0.009375 0.023455555555555445
47 0.7984375 0.8114222222222222 0.08020624999999995 0.020366666666666585
34 0.8078125 0.8432111111111111 0.06284999999999996 0.018522222222222304
21 0.8140625 0.8787 0.051737500000000124 0.020366666666666585
33 0.87118125 0.8114222222222222 0.04097499999999996 0.02160000000000006
13 0.8625 0.8429 0.02430624999999992 0.020366666666666585
2 0.8548625 0.8787 0.00625 0.017899999999999888
4 0.8692687499999999 0.8790111111111111 0.006599999999999966 0.018522222222222304
1 0.86163125 0.8790111111111111 0.007293750000000046 0.01728888888888883
1 0.87604375 0.8784 0.006943750000000079 0.018522222222222304
2 0.8350687499999999 0.1892 0.007637499999999875 0.027777777777777776
51 0.7236125 0.1071 0.01875 0.035188888888888874
51 0.7428812499999999 0.10741111111111111 0.018400000000000034 0.03456666666666665
51 0.762325 0.1077111111111111 0.017706249999999955 0.03518888888888891
52 0.78801875 0.11635555555555556 0.01631875000000008 0.03765555555555554
52 0.8515625 0.1953666666666667 0.013543750000000045 0.03024444444444441
0 0.8204875 0.19074444444444444 0.009025000000000035 0.024688888888888857
2 0.22725625000000002 0.9012333333333333 0.005206250000000026 0.02592222222222214