2 0.0612875 0.17808888888888888 0.006600000000000002 0.024077777777777795
2 0.37378749999999994 0.18888888888888888 0.006599999999999966 0.0284
2 0.24461875 0.44937777777777776 0.006599999999999966 0.02468888888888892
2 0.2578125 0.4490777777777778 0.005900000000000034 0.024077777777777733
1 0.38836875 0.18888888888888888 0.008681250000000062 0.02468888888888892
1 0.39756875 0.1885777777777778 0.007637500000000017 0.024077777777777795
1 0.406425 0.18981111111111112 0.010068749999999937 0.025311111111111145
1 0.07535 0.17808888888888888 0.009725000000000001 0.027777777777777776
1 0.08368124999999998 0.1784 0.009024999999999998 0.02345555555555557
1 0.0925375 0.1784 0.008681249999999991 0.022222222222222223
1 0.2453125 0.12562222222222222 0.008681249999999991 0.02284444444444445
1 0.41788125 0.5305555555555556 0.008681250000000062 0.022844444444444383
23 0.36198125 0.18796666666666664 0.012150000000000034 0.027777777777777776
23 0.37361249999999996 0.5299333333333334 0.0125 0.027777777777777776
5 0.21510625 0.12562222222222222 0.007987499999999982 0.025311111111111114
4 0.26666875 0.44937777777777776 0.006943750000000009 0.02345555555555557
4 0.228125 0.125 0.009025000000000035 0.02284444444444445
7 0.27569375 0.4490777777777778 0.009025000000000035 0.024077777777777733
7 0.237325 0.12562222222222222 0.009375 0.02284444444444445
7 0.1013875 0.4234555555555556 0.00833124999999999 0.02345555555555557
10 0.084025 0.4237666666666666 0.009024999999999998 0.024077777777777733
9 0.0923625 0.4240777777777778 0.009725000000000001 0.02468888888888892
9 0.4 0.5305555555555556 0.009025000000000035 0.024077777777777733
2 0.38611249999999997 0.5305555555555556 0.00625 0.022844444444444383
7 0.40885625 0.5311777777777777 0.007987499999999982 0.022844444444444383
38 0.0703125 0.4246888888888889 0.007987500000000002 0.022222222222222223
17 0.068575 0.18673333333333333 0.0038187500000000083 0.010488888888888886
17 0.0769125 0.4317888888888889 0.0038187500000000083 0.0092555555555556
17 0.221525 0.1358 0.002775000000000034 0.008644444444444446
17 0.2515625 0.4567888888888889 0.0038187500000000083 0.008644444444444415
17 0.38159999999999994 0.19691111111111112 0.004862499999999983 0.007411111111111129
17 0.39323125 0.5398111111111111 0.004512500000000017 0.0092555555555556
40 0.36301875 0.3086444444444444 0.03159999999999997 0.022222222222222223
44 0.36163125 0.275 0.014931250000000063 0.03271111111111114
46 0.43316249999999995 0.18826666666666667 0.03715000000000004 0.02345555555555557
38 0.16875 0.5987666666666667 0.008331250000000026 0.022222222222222223
2 0.04461875 0.7713 0.006600000000000002 0.024077777777777858
2 0.39791875 0.7459888888888889 0.006943749999999938 0.024077777777777858
1 0.190275 0.6003111111111111 0.008331250000000026 0.022844444444444383
1 0.19948125 0.5993777777777778 0.008681249999999991 0.023455555555555445
1 0.05850625 0.7706777777777778 0.008681250000000008 0.022844444444444383
1 0.0671875 0.7709888888888888 0.007987500000000002 0.023455555555555445
1 0.0762125 0.7713 0.008681249999999991 0.02160000000000006
4 0.18211875 0.5990777777777777 0.008681249999999991 0.022844444444444383
5 0.41180625 0.7456777777777778 0.008331249999999955 0.02468888888888892
9 0.4203125 0.7463 0.007293750000000046 0.022222222222222223
7 0.42864375000000005 0.7463 0.009375 0.022222222222222223
17 0.052081249999999996 0.7796333333333333 0.004168749999999992 0.00987777777777789
17 0.175 0.6077111111111112 0.003474999999999966 0.0067888888888887776
17 0.4046875 0.7534 0.0038187499999999376 0.008022222222222252
47 0.800175 0.8126555555555556 0.08090000000000003 0.022844444444444383
34 0.80868125 0.8438222222222223 0.06388749999999987 0.019755555555555526
21 0.8149312500000001 0.8774666666666667 0.052081249999999954 0.022844444444444383
13 0.86458125 0.8435222222222222 0.026387499999999876 0.019133333333333363
30 0.8614562499999999 0.8114222222222222 0.01875 0.02160000000000006
2 0.85625 0.8780888888888888 0.006943750000000079 0.017899999999999888
1 0.8638875 0.8787 0.00625 0.019133333333333363
1 0.878125 0.8771555555555556 0.007637499999999875 0.018522222222222304
4 0.8704875 0.8784 0.007637499999999875 0.01728888888888883
1 0.70051875 0.10617777777777777 0.019099999999999964 0.03456666666666668
1 0.8059000000000001 0.18765555555555555 0.015974999999999965 0.029633333333333352
1 0.8263875 0.18734444444444445 0.015275000000000033 0.029011111111111126
1 0.8420125 0.18673333333333333 0.013887499999999876 0.027777777777777776
2 0.8539937500000001 0.18673333333333333 0.005900000000000034 0.030244444444444473
0 0.7861125 0.18981111111111112 0.010418750000000046 0.027777777777777776
51 0.72551875 0.10555555555555556 0.017706249999999955 0.0358
51 0.7451375 0.10617777777777777 0.01944375000000008 0.037033333333333314
51 0.7651062500000001 0.10524444444444445 0.018400000000000034 0.03395555555555556
53 0.8022562499999999 0.10555555555555556 0.040625 0.039511111111111115
53 0.87916875 0.18703333333333336 0.032637499999999875 0.0308666666666667
17 0.71319375 0.12067777777777777 0.004168750000000046 0.009255555555555569
17 0.81649375 0.19876666666666665 0.003125 0.00617777777777778