8 0.0968841463414634 0.0967965367965368 0.01084146341463413 0.027662337662337666
8 0.06317682926829268 0.1914935064935065 0.010499999999999999 0.028257575757575773
8 0.24508536585365853 0.1406926406926407 0.012536585365853625 0.027662337662337666
8 0.4381768292682927 0.2723701298701299 0.010500000000000016 0.03126623376623378
8 0.4305548780487805 0.46356060606060606 0.009487804878048747 0.031266233766233754
4 0.08604268292682928 0.4157683982683983 0.01151829268292682 0.03307359307359301
4 0.05250609756097561 0.1917965367965368 0.011518292682926838 0.027662337662337666
4 0.42852439024390243 0.3986255411255411 0.01084146341463413 0.027662337662337604
4 0.07215243902439024 0.49362554112554113 0.010164634146341455 0.02886363636363632
1 0.2564390243902439 0.1403896103896104 0.01151829268292682 0.030660173160173144
1 0.09739024390243903 0.4151623376623377 0.010499999999999982 0.02945887445887449
1 0.08197560975609756 0.49482683982683984 0.010164634146341472 0.032467532467532464
1 0.29065243902439025 0.4160606060606061 0.01084146341463413 0.0348701298701299
1 0.3423109756097561 0.13979437229437228 0.011176829268292639 0.03186147186147186
1 0.44884756097560974 0.27176406926406926 0.01151829268292689 0.030064935064935034
1 0.4395304878048781 0.3992316017316017 0.011853658536585399 0.027662337662337604
38 0.4104024390243902 0.4632683982683983 0.010500000000000016 0.02945887445887449
46 0.12940243902439025 0.41696969696969693 0.04539024390243902 0.03307359307359301
23 0.03540243902439025 0.1917965367965368 0.016597560975609757 0.03848484848484849
23 0.06927439024390245 0.4130627705627706 0.017274390243902447 0.036071428571428615
23 0.2645670731707317 0.4130627705627706 0.016262195121951196 0.03848484848484855
6 0.3309634146341463 0.1388852813852814 0.012195121951219513 0.03366883116883118
9 0.43665243902439027 0.10883116883116883 0.013548780487804895 0.02886363636363638
5 0.2798109756097561 0.4154653679653679 0.01084146341463413 0.03366883116883118
2 0.21273780487804878 0.49362554112554113 0.009487804878048747 0.030064935064935034
7 0.2244268292682927 0.49362554112554113 0.013890243902439007 0.032467532467532464
2 0.4198841463414634 0.46356060606060606 0.008469512195122013 0.02886363636363632
2 0.42039024390243906 0.5465367965367965 0.00812804878048776 0.03126623376623381
2 0.2212073170731707 0.9169047619047619 0.010164634146341438 0.030064935064935034
1 0.43123170731707317 0.5465367965367965 0.012195121951219513 0.03126623376623381
1 0.07926829268292683 0.8766233766233766 0.01151829268292682 0.03126623376623387
1 0.2542317073170732 0.8624891774891775 0.011176829268292708 0.028257575757575648
1 0.3714451219512195 0.6752056277056276 0.011176829268292639 0.028863636363636442
23 0.3443414634146342 0.6728030303030302 0.016597560975609774 0.03607142857142849
23 0.2278109756097561 0.8624891774891775 0.016597560975609774 0.03667748917748929
38 0.04708536585365854 0.8772294372294371 0.012195121951219513 0.030064935064935034
7 0.05148780487804878 0.6884307359307359 0.010841463414634147 0.03126623376623387
7 0.06300609756097561 0.6908333333333334 0.011518292682926838 0.03126623376623387
7 0.05707926829268293 0.8778246753246753 0.011853658536585364 0.030064935064935034
7 0.22916463414634144 0.685422077922078 0.012536585365853625 0.033668831168831063
7 0.23323170731707318 0.9157034632034632 0.012536585365853625 0.03126623376623387
7 0.24475 0.9163095238095238 0.011176829268292708 0.028863636363636442
7 0.44004268292682924 0.7094805194805194 0.012195121951219513 0.028863636363636442
7 0.4507134146341463 0.7085714285714286 0.009823170731707256 0.030660173160173082
4 0.36026219512195123 0.6767099567099567 0.011853658536585399 0.034274891774891854
5 0.2428841463414634 0.8633982683982684 0.01151829268292682 0.030064935064935034
8 0.06825609756097561 0.8769264069264069 0.009823170731707326 0.02945887445887449
11 0.44359756097560976 0.888051948051948 0.011176829268292639 0.027662337662337604
5 0.5027073170731707 0.5059523809523809 0.01151829268292689 0.030660173160173203
4 0.48390853658536587 0.5853138528138528 0.011853658536585399 0.028257575757575648
4 0.49559756097560975 0.5853138528138528 0.012195121951219513 0.02945887445887449
4 0.5455609756097561 0.8630952380952381 0.011176829268292639 0.030660173160173082
8 0.5565731707317073 0.8633982683982684 0.01151829268292689 0.030064935064935034
8 0.640920731707317 0.9057792207792208 0.013548780487804757 0.031861471861471924
5 0.5879085365853658 0.9045779220779221 0.012536585365853625 0.030660173160173082
6 0.5987439024390244 0.9045779220779221 0.011176829268292639 0.02945887445887449
14 0.6339756097560976 0.8630952380952381 0.03285975609756097 0.03307359307359301
46 0.5885853658536585 0.8633982683982684 0.04505487804878055 0.030064935064935034
23 0.5240487804878049 0.8630952380952381 0.017615853658536646 0.03787878787878788
23 0.5665670731707316 0.9048809523809523 0.01592073170731701 0.03607142857142849
22 0.6189024390243902 0.9030735930735931 0.018292682926829267 0.03126623376623387
22 0.513548780487805 0.5059523809523809 0.010164634146341507 0.02945887445887449
51 0.7273048780487805 0.10761904761904761 0.021000000000000033 0.03487012987012987
51 0.7461036585365853 0.10672077922077922 0.019987804878048902 0.03547619047619048
51 0.7667682926829268 0.10672077922077922 0.02269512195121939 0.03667748917748919
52 0.7913292682926829 0.11634199134199134 0.01896951219512203 0.04148268398268397
52 0.8555243902439024 0.1957034632034632 0.01592073170731715 0.033073593073593074
2 0.8399390243902439 0.1875865800865801 0.007792682926829391 0.03366883116883118
0 0.8240182926829269 0.1927056277056277 0.013213414634146386 0.030660173160173144
47 0.801829268292683 0.8128896103896104 0.08129878048780484 0.020443722943723052
34 0.8109756097560976 0.8465584415584416 0.06368292682926832 0.02524891774891767
21 0.8169024390243903 0.880530303030303 0.051829268292682924 0.02345238095238103
13 0.8667012195121951 0.8459632034632034 0.025408536585365897 0.020443722943723052
33 0.8756768292682926 0.8143939393939394 0.04065243902439029 0.018636363636363666
2 0.8582317073170732 0.8799350649350649 0.008469512195121874 0.019837662337662258
1 0.8656829268292683 0.8808333333333334 0.007792682926829391 0.018041125541125618
4 0.8731341463414635 0.8793290043290043 0.006439024390243869 0.019837662337662258
1 0.8800792682926829 0.8802272727272727 0.007451219512195 0.018041125541125618