10 0.0741890243902439 0.11603896103896104 0.010164634146341455 0.026450216450216446
2 0.17750609756097563 0.11603896103896104 0.007451219512195139 0.025248917748917733
2 0.326390243902439 0.26305194805194804 0.007792682926829252 0.02585497835497834
4 0.0415 0.37097402597402596 0.00982317073170732 0.02524891774891779
4 0.3353658536585366 0.26425324675324674 0.008804878048780522 0.024653679653679685
4 0.3125 0.2964177489177489 0.009146341463414634 0.024047619047619078
7 0.05030487804878049 0.37097402597402596 0.009823170731707326 0.030064935064935034
7 0.28624390243902437 0.39141774891774894 0.009487804878048747 0.02284632034632036
8 0.32334146341463416 0.1310714285714286 0.008469512195122013 0.026450216450216463
9 0.1815731707317073 0.15902597402597402 0.010164634146341438 0.02585497835497834
9 0.35840243902439023 0.0955952380952381 0.00812804878048776 0.024047619047619047
1 0.18682317073170732 0.11634199134199134 0.007792682926829252 0.02345238095238097
1 0.19478048780487806 0.11664502164502165 0.008804878048780522 0.024047619047619047
1 0.19020731707317073 0.15932900432900432 0.007792682926829252 0.02284632034632036
1 0.2952256097560976 0.39170995670995673 0.008469512195121943 0.024653679653679626
38 0.3490853658536585 0.0962012987012987 0.009146341463414634 0.026450216450216446
38 0.05030487804878049 0.3177597402597403 0.008469512195121943 0.024653679653679626
9 0.058945121951219516 0.3183658008658009 0.009487804878048782 0.024653679653679626
23 0.3135182926829268 0.2621428571428571 0.012536585365853625 0.026450216450216446
46 0.36297560975609755 0.26274891774891773 0.038280487804878034 0.024047619047619016
35 0.35433536585365855 0.2976190476190476 0.055554878048780426 0.024047619047619078
35 0.366359756097561 0.13017316017316016 0.0565731707317073 0.027056277056277056
5 0.07791463414634146 0.49964285714285717 0.009487804878048782 0.02284632034632036
5 0.3218170731707317 0.4822077922077922 0.008804878048780522 0.02645021645021651
5 0.4019329268292683 0.6427380952380952 0.008469512195122013 0.02284632034632024
5 0.3412926829268293 0.7046645021645022 0.008469512195122013 0.02645021645021651
7 0.08689024390243902 0.5005411255411255 0.009146341463414634 0.02585497835497834
7 0.06284146341463415 0.664978354978355 0.009823170731707326 0.02645021645021651
1 0.0718170731707317 0.6655844155844156 0.010164634146341472 0.024047619047619078
4 0.3162256097560976 0.5612662337662337 0.009823170731707291 0.0258549783549784
10 0.30724999999999997 0.5606709956709957 0.009487804878048747 0.024653679653679626
1 0.35043902439024394 0.7043614718614719 0.009146341463414634 0.02225108225108219
9 0.41090853658536586 0.6421320346320347 0.009487804878048747 0.024047619047619078
40 0.18682317073170732 0.526991341991342 0.03353658536585366 0.024653679653679626
44 0.18495731707317073 0.49482683982683984 0.013548780487804895 0.03366883116883118
46 0.34248170731707317 0.5612662337662337 0.036585365853658534 0.027056277056277056
19 0.3626341463414634 0.4831060606060606 0.06267073170731706 0.024653679653679626
49 0.3790670731707317 0.5161688311688312 0.12465853658536588 0.024653679653679626
10 0.04522560975609756 0.8934632034632034 0.009823170731707308 0.021645021645021644
10 0.30589634146341466 0.796060606060606 0.008804878048780522 0.024047619047619078
2 0.17953658536585365 0.9057792207792208 0.008804878048780522 0.024653679653679626
2 0.18767073170731705 0.9057792207792208 0.006774390243902448 0.02345238095238103
2 0.4520670731707317 0.9328354978354979 0.006439024390243869 0.027056277056277056
8 0.19715243902439022 0.9066883116883117 0.009487804878048747 0.02645021645021651
38 0.33214634146341465 0.7037662337662337 0.009823170731707256 0.024653679653679626
20 0.4187012195121951 0.6370238095238095 0.006097560975609756 0.01503246753246764
23 0.29353048780487806 0.5606709956709957 0.0145670731707317 0.03307359307359301
10 0.586890243902439 0.788538961038961 0.010500000000000016 0.02345238095238103
5 0.47053048780487805 0.8985714285714286 0.009487804878048747 0.02345238095238103
1 0.46087195121951224 0.9313419913419912 0.008469512195122013 0.02645021645021651
1 0.46968292682926827 0.9328354978354979 0.009146341463414634 0.02225108225108219
2 0.6112804878048781 0.7431493506493506 0.006439024390243869 0.02284632034632024
1 0.61975 0.7431493506493506 0.009823170731707256 0.024047619047619078
1 0.47933536585365855 0.8988744588744588 0.00812804878048776 0.021645021645021644
7 0.6292317073170732 0.7416450216450217 0.009823170731707326 0.02345238095238103
38 0.46696951219512195 0.3003246753246753 0.009146341463414634 0.028257575757575773
7 0.47645731707317074 0.30152597402597403 0.008469512195122013 0.02225108225108219
19 0.5165975609756098 0.30242424242424243 0.06300609756097557 0.02645021645021651
31 0.5379390243902439 0.3366991341991342 0.15311585365853667 0.027662337662337604
2 0.6011158536585366 0.4308008658008658 0.006439024390243869 0.028257575757575773
4 0.6106036585365854 0.4308008658008658 0.009823170731707256 0.02585497835497834
51 0.7237439024390244 0.10852813852813853 0.020664634146341385 0.03667748917748916
51 0.7437317073170732 0.10883116883116883 0.019987804878048902 0.03487012987012987
51 0.764060975609756 0.10912337662337662 0.018634146341463383 0.03547619047619048
52 0.7879390243902439 0.11694805194805195 0.019646341463414513 0.04028138528138528
0 0.820969512195122 0.1933008658008658 0.010499999999999877 0.028257575757575773
2 0.8360426829268293 0.19120129870129868 0.010841463414634269 0.030064935064935096
52 0.8514573170731707 0.19690476190476192 0.013213414634146386 0.035476190476190446
28 0.7249329268292684 0.6316125541125541 0.12804878048780488 0.030660173160173082
49 0.8070792682926828 0.6616774891774891 0.12567682926829277 0.025854978354978464
31 0.8201219512195121 0.6956493506493506 0.1504085365853659 0.027662337662337604
19 0.7142621951219513 0.6631818181818182 0.05521951219512192 0.02524891774891767
19 0.7144329268292683 0.6959523809523809 0.054878048780487805 0.025854978354978464
2 0.6661585365853658 0.6610714285714286 0.006439024390243869 0.025854978354978464
4 0.6663292682926829 0.6947402597402598 0.010164634146341507 0.024653679653679626
17 0.673609756097561 0.670995670995671 0.006439024390243869 0.010822510822510822
17 0.6729329268292682 0.702564935064935 0.005079268292682883 0.007813852813852844
5 0.8910914634146342 0.6634848484848485 0.009146341463414634 0.025854978354978464
7 0.9273353658536585 0.6956493506493506 0.009823170731707395 0.027662337662337604
38 0.9176829268292683 0.6953463203463204 0.010164634146341507 0.024653679653679626
47 0.7994573170731707 0.8137878787878788 0.08265853658536582 0.02345238095238103
34 0.8077560975609757 0.8444588744588745 0.0626707317073172 0.02225108225108219
21 0.8140243902439024 0.8793290043290043 0.054878048780487805 0.02225108225108219
33 0.8721219512195122 0.8128896103896104 0.04098780487804866 0.019242424242424214
36 0.9136158536585366 0.8444588744588745 0.12330487804878036 0.019837662337662258
9 0.8550121951219513 0.8781277056277056 0.007451219512195 0.019837662337662258
10 0.8624634146341463 0.879025974025974 0.006774390243902517 0.018041125541125618
1 0.8692439024390244 0.8775216450216451 0.007451219512195 0.019837662337662258
1 0.8772012195121951 0.8784307359307358 0.00711585365853663 0.020443722943723052