8 0.0579875 0.08271111111111111 0.007637499999999999 0.023455555555555563
1 0.0670125 0.08271111111111111 0.009024999999999998 0.023455555555555563
1 0.2168375 0.12314444444444445 0.008681249999999991 0.021599999999999998
1 0.41441249999999996 0.06666666666666667 0.007987499999999982 0.022222222222222223
1 0.4390625 0.12067777777777777 0.008681250000000062 0.02284444444444445
38 0.19982500000000003 0.12191111111111111 0.007987499999999982 0.02284444444444445
38 0.44149375 0.3879666666666667 0.008681250000000062 0.02160000000000006
40 0.048787500000000004 0.27746666666666664 0.03229375 0.025311111111111145
44 0.04739375 0.24413333333333334 0.01215 0.03147777777777776
4 0.4296875 0.1209888888888889 0.008681250000000062 0.02345555555555554
4 0.4737875 0.1719111111111111 0.008681250000000062 0.021599999999999998
4 0.2809 0.5138888888888888 0.008331250000000026 0.022844444444444383
6 0.44635624999999995 0.4213 0.009375 0.02160000000000006
5 0.20850625 0.12253333333333334 0.007987499999999982 0.02284444444444445
7 0.0890625 0.40771111111111114 0.007987499999999982 0.020366666666666713
7 0.28993125 0.5148111111111111 0.009025000000000035 0.022222222222222223
7 0.40573125 0.06697777777777777 0.009375 0.02284444444444445
7 0.48350625 0.1719111111111111 0.009375 0.02284444444444445
7 0.20694375 0.43548888888888887 0.008331250000000026 0.02160000000000006
2 0.19774375 0.4361111111111111 0.005206250000000026 0.022844444444444383
10 0.44965000000000005 0.38826666666666665 0.009724999999999966 0.020988888888888873
46 0.31666875000000005 0.5157444444444444 0.03750000000000003 0.024077777777777733
46 0.27291875 0.43487777777777775 0.03680624999999999 0.024077777777777733
35 0.48993125 0.4219111111111111 0.05486249999999998 0.024077777777777733
42 0.23350625 0.4351888888888889 0.034375 0.02345555555555557
42 0.50955 0.17222222222222222 0.036456249999999954 0.02468888888888892
23 0.2671875 0.5142 0.012849999999999966 0.030866666666666636
1 0.42152500000000004 0.5388888888888889 0.009025000000000035 0.022222222222222223
1 0.45086875 0.6904333333333333 0.007293750000000046 0.022844444444444383
1 0.41961875 0.8132666666666667 0.007293750000000046 0.02160000000000006
1 0.27535 0.8376555555555555 0.009025000000000035 0.022222222222222223
8 0.44114375 0.6904333333333333 0.007293750000000046 0.02160000000000006
2 0.41215 0.5392 0.005556250000000063 0.022844444444444383
2 0.2668375 0.8379666666666666 0.005206250000000026 0.024077777777777858
2 0.41024375 0.8132666666666667 0.004512500000000017 0.02160000000000006
7 0.284725 0.8376555555555555 0.007637500000000017 0.023455555555555445
44 0.5204875 0.664511111111111 0.013887500000000018 0.030244444444444473
44 0.59600625 0.8200666666666666 0.012150000000000034 0.030244444444444473
40 0.52256875 0.6962999999999999 0.030556250000000063 0.022222222222222223
40 0.5979187499999999 0.8512333333333334 0.032637500000000014 0.023455555555555445
45 0.537325 0.46697777777777777 0.07118125000000006 0.024077777777777733
44 0.08801875 0.6805555555555556 0.012850000000000002 0.03271111111111117
40 0.08993124999999999 0.7117333333333332 0.03263750000000001 0.02468888888888892
38 0.0809 0.5614222222222222 0.009024999999999998 0.02160000000000006
5 0.0894125 0.5611111111111111 0.008681249999999991 0.022222222222222223
1 0.0986125 0.5614222222222222 0.00833124999999999 0.022844444444444383
1 0.8703125 0.8799333333333333 0.005900000000000034 0.019133333333333363
1 0.8770812499999999 0.8787 0.006943750000000079 0.020366666666666585
9 0.85520625 0.8787 0.007637499999999875 0.017899999999999888
10 0.86285 0.8799333333333333 0.007637499999999875 0.019133333333333363
47 0.8 0.8135777777777778 0.08263749999999988 0.022222222222222223
34 0.8081625 0.8459888888888889 0.06354375000000005 0.02160000000000006
21 0.81545 0.8799333333333333 0.053125 0.02160000000000006
33 0.87205 0.8135777777777778 0.039237500000000126 0.020988888888889
36 0.9140625 0.8441333333333334 0.12256875000000007 0.020366666666666585
35 0.74774375 0.6932111111111111 0.05659999999999996 0.023455555555555445
4 0.7043375000000001 0.6935222222222222 0.00868124999999992 0.022844444444444383
7 0.6982625 0.6583333333333333 0.008331249999999955 0.024077777777777858
7 0.7355875000000001 0.6592555555555556 0.00868124999999992 0.022222222222222223
6 0.7269125 0.6595666666666666 0.00868124999999992 0.02160000000000006
20 0.7434000000000001 0.6524666666666668 0.006943750000000079 0.011111111111111112
51 0.712325 0.6586444444444444 0.01006875000000008 0.02468888888888892
51 0.7140625 0.1077111111111111 0.019793750000000044 0.036422222222222224
51 0.7342 0.10833333333333334 0.019793750000000044 0.03395555555555556
51 0.7545125 0.10864444444444445 0.01944375000000008 0.03456666666666668
51 0.7739562499999999 0.10833333333333334 0.01805624999999992 0.03395555555555556
52 0.7987875 0.11604444444444444 0.015625 0.038266666666666664
52 0.856425 0.19629999999999997 0.012150000000000034 0.0308666666666667
4 0.8375 0.18888888888888888 0.016668750000000045 0.0284
0 0.8170125 0.19104444444444443 0.010418750000000046 0.02531111111111108
45 0.76163125 0.27592222222222224 0.071875 0.025922222222222204