2 0.10104374999999999 0.5135777777777778 0.00833124999999999 0.02468888888888892
4 0.11024374999999999 0.5123444444444445 0.010068750000000008 0.027155555555555617
10 0.14635625 0.3734555555555556 0.007987499999999982 0.022222222222222223
1 0.1546875 0.375 0.007987499999999982 0.024077777777777733
7 0.23680625 0.24598888888888887 0.008331250000000026 0.02284444444444445
7 0.2451375 0.2463 0.009025000000000035 0.02345555555555557
38 0.228475 0.24722222222222223 0.009724999999999966 0.02531111111111108
38 0.1375 0.375 0.009725000000000001 0.022844444444444383
44 0.39323125 0.20370000000000002 0.012849999999999966 0.0308666666666667
40 0.39496250000000005 0.23456666666666667 0.032293750000000045 0.02345555555555557
8 0.0691 0.7824111111111111 0.008331250000000007 0.022844444444444383
43 0.10086875 0.7833333333333333 0.04756875000000001 0.02468888888888892
48 0.09426875000000001 0.8166666666666667 0.11493124999999998 0.027155555555555617
46 0.33263750000000003 0.7339555555555555 0.036806250000000026 0.023455555555555445
6 0.30538125 0.7336444444444444 0.009375 0.022844444444444383
7 0.41284999999999994 0.8290111111111111 0.008331249999999955 0.02468888888888892
5 0.4045125 0.8283999999999999 0.008331249999999955 0.02468888888888892
2 0.3732625 0.8277777777777777 0.00625 0.023455555555555445
2 0.38489375000000003 0.9055555555555556 0.005900000000000034 0.023455555555555445
8 0.393575 0.9046333333333333 0.008681250000000062 0.022844444444444383
1 0.40260625 0.9052444444444445 0.008681250000000062 0.02160000000000006
1 0.3829875 0.8287 0.009025000000000035 0.02160000000000006
9 0.39166874999999995 0.8277777777777777 0.008331249999999955 0.022222222222222223
23 0.29288125 0.7330222222222222 0.012150000000000034 0.029011111111111
17 0.39808750000000004 0.8373444444444444 0.004512500000000017 0.0067888888888887776
5 0.6887125000000001 0.8 0.009375 0.023455555555555445
47 0.7993062500000001 0.8129666666666666 0.07986250000000013 0.022222222222222223
34 0.8081625 0.8435222222222222 0.06215000000000003 0.020366666666666585
21 0.8140625 0.8790111111111111 0.053125 0.020988888888889
33 0.871875 0.8126555555555556 0.038887499999999874 0.019133333333333363
36 0.91301875 0.8432111111111111 0.12256875000000007 0.018522222222222304
9 0.8550375 0.8777777777777778 0.007293750000000046 0.019755555555555526
10 0.86319375 0.8787 0.006943750000000079 0.019133333333333363
1 0.8699625000000001 0.8790111111111111 0.007293750000000046 0.019755555555555526
1 0.8763875 0.8780888888888888 0.006943750000000079 0.017899999999999888
51 0.7232625 0.10647777777777778 0.01805624999999992 0.036422222222222224
51 0.74375 0.10647777777777778 0.01875 0.036422222222222224
51 0.7642375 0.10678888888888889 0.01875 0.03456666666666665
52 0.7883687500000001 0.11481111111111111 0.01493124999999992 0.03703333333333335
52 0.8515625 0.19567777777777778 0.012150000000000034 0.03209999999999998
2 0.8361125 0.1885777777777778 0.007637499999999875 0.027777777777777776
0 0.8206625 0.19104444444444443 0.010762499999999875 0.02654444444444443