4 0.0578125 0.2 0.009375 0.022222222222222223
7 0.07465 0.35555555555555557 0.008331250000000007 0.022222222222222223
7 0.0668375 0.2 0.009375 0.02468888888888892
7 0.26823125000000003 0.2422888888888889 0.008681249999999991 0.024077777777777795
2 0.25035 0.2432111111111111 0.005556249999999992 0.02345555555555557
2 0.23073125 0.5435222222222222 0.005900000000000034 0.024077777777777733
5 0.44305625 0.4095666666666667 0.009025000000000035 0.02160000000000006
1 0.08385625 0.3552444444444445 0.009375 0.022844444444444383
1 0.24010625000000002 0.5422888888888889 0.008681249999999991 0.024077777777777733
1 0.24895625 0.5438222222222222 0.009724999999999966 0.02345555555555557
1 0.45260625 0.4101888888888889 0.007987499999999982 0.022844444444444383
6 0.259725 0.24382222222222222 0.009724999999999966 0.02345555555555557
20 0.27604375000000003 0.23734444444444447 0.00625 0.01419999999999997
2 0.22899375 0.875311111111111 0.005900000000000034 0.027155555555555617
5 0.42048749999999996 0.8067888888888889 0.008331249999999955 0.023455555555555445
5 0.66875 0.8040111111111111 0.007637499999999875 0.022844444444444383
7 0.54739375 0.8737666666666667 0.009375 0.024077777777777858
4 0.67743125 0.8033999999999999 0.009724999999999966 0.02531111111111108
4 0.42916875 0.8067888888888889 0.009025000000000035 0.023455555555555445
1 0.23801875 0.8743777777777778 0.009375 0.02160000000000006
1 0.24705 0.874688888888889 0.009375 0.022222222222222223
1 0.55625 0.8743777777777778 0.009025000000000035 0.024077777777777858
1 0.87239375 0.8830222222222223 0.007293750000000046 0.019133333333333363
1 0.8796875 0.8827111111111112 0.006599999999999966 0.018522222222222304
4 0.85833125 0.882411111111111 0.006943750000000079 0.019133333333333363
9 0.86493125 0.8830222222222223 0.007637499999999875 0.019133333333333363
47 0.8019124999999999 0.8175888888888889 0.08159999999999996 0.024077777777777858
33 0.8743062500000001 0.8160444444444445 0.03958124999999996 0.022222222222222223
34 0.8109375 0.8478444444444444 0.06354375000000005 0.020366666666666585
3 0.90850625 0.8484555555555555 0.10729375000000005 0.024077777777777858
21 0.8170125 0.8842555555555556 0.052081249999999954 0.022844444444444383
51 0.7265625 0.10925555555555555 0.019099999999999964 0.0358
51 0.746525 0.10956666666666666 0.01944375000000008 0.036422222222222224
51 0.7661437499999999 0.10956666666666666 0.018400000000000034 0.035188888888888874
52 0.790625 0.11758888888888888 0.015974999999999965 0.037655555555555574
52 0.8543375000000001 0.19784444444444443 0.012849999999999966 0.030244444444444473
0 0.82448125 0.1925888888888889 0.01006875000000008 0.025922222222222204
2 0.8390625 0.19197777777777777 0.007293750000000046 0.027155555555555554